# Response from Kafka API Versions call

# 00 00 01 64 - Length of response (356 bytes)
# 00 00 00 01 - Correlation ID (1)
# 00 00 - Error code (0 = success)
# 00 00 00 39 - Length as INT32 (57 bytes)
# Items, one by one.


  00 00 01 64 00 00 00 01 00 00 00 00 00 39 00 00  |...d.........9..|
  00 00 00 0a 00 01 00 00 00 10 00 02 00 00 00 08  |................|
  00 03 00 00 00 0c 00 08 00 00 00 09 00 09 00 00  |................|
  00 09 00 0a 00 00 00 04 00 0b 00 00 00 09 00 0c  |................|
  00 00 00 04 00 0d 00 00 00 05 00 0e 00 00 00 05  |................|
  00 0f 00 00 00 05 00 10 00 00 00 04 00 11 00 00  |................|
  00 01 00 12 00 00 00 03 00 13 00 00 00 07 00 14  |................|
  00 00 00 06 00 15 00 00 00 02 00 16 00 00 00 04  |................|
  00 17 00 00 00 04 00 18 00 00 00 04 00 19 00 00  |................|
  00 03 00 1a 00 00 00 03 00 1b 00 00 00 01 00 1c  |................|
  00 00 00 03 00 1d 00 00 00 03 00 1e 00 00 00 03  |................|
  00 1f 00 00 00 03 00 20 00 00 00 04 00 21 00 00  |....... .....!..|
  00 02 00 22 00 00 00 02 00 23 00 00 00 04 00 24  |...".....#.....$|
  00 00 00 02 00 25 00 00 00 03 00 26 00 00 00 03  |.....%.....&....|
  00 27 00 00 00 02 00 28 00 00 00 02 00 29 00 00  |.'.....(.....)..|
  00 03 00 2a 00 00 00 02 00 2b 00 00 00 02 00 2c  |...*.....+.....,|
  00 00 00 01 00 2d 00 00 00 00 00 2e 00 00 00 00  |.....-..........|
  00 2f 00 00 00 00 00 30 00 00 00 01 00 31 00 00  |./.....0.....1..|
  00 01 00 32 00 00 00 00 00 33 00 00 00 00 00 37  |...2.....3.....7|
  00 00 00 01 00 39 00 00 00 01 00 3c 00 00 00 01  |.....9.....<....|
  00 3d 00 00 00 00 00 40 00 00 00 00 00 41 00 00  |.=.....@.....A..|
  00 00 00 42 00 00 00 00 00 44 00 00 00 00 00 4a  |...B.....D.....J|
  00 00 00 00 00 00 00 00                          |........|